0 0.086198 0.438889 0.028646 0.025926
0 0.254427 0.560185 0.026562 0.027778
0 0.084896 0.646759 0.026042 0.026852
0 0.336979 0.737963 0.027083 0.024074
0 0.275781 0.337963 0.028646 0.025926
0 0.387240 0.310185 0.028646 0.020370
0 0.402865 0.351389 0.025521 0.023148
0 0.476042 0.313889 0.030208 0.027778
0 0.553125 0.349074 0.025000 0.020370
0 0.645312 0.338889 0.028125 0.027778
0 0.719792 0.348611 0.028125 0.032407
0 0.752604 0.400000 0.022917 0.046296
0 0.778385 0.465278 0.023438 0.050926
0 0.808594 0.525463 0.020313 0.043519
0 0.813281 0.616667 0.025521 0.062963
0 0.855469 0.627778 0.018229 0.048148
0 0.872917 0.637037 0.017708 0.046296
0 0.865625 0.746296 0.016667 0.042593
0 0.857552 0.851852 0.016146 0.044444
0 0.880208 0.861574 0.015625 0.047222
0 0.896354 0.852778 0.020833 0.048148
0 0.889323 0.968981 0.016146 0.045370
0 0.908333 0.979167 0.013542 0.039815
0 0.861458 0.484259 0.016667 0.042593
0 0.842187 0.455556 0.017708 0.048148
0 0.954948 0.398611 0.029687 0.025000
0 0.848958 0.318981 0.015625 0.039815
0 0.828125 0.248611 0.014583 0.047222
0 0.841927 0.199537 0.015104 0.043519
0 0.776042 0.150000 0.015625 0.044444
0 0.795833 0.175926 0.011458 0.027778
0 0.757552 0.148611 0.014063 0.041667
0 0.823698 0.100000 0.015104 0.040741
0 0.918750 0.102315 0.019792 0.043519
0 0.958854 0.080093 0.017708 0.036111
0 0.984375 0.223611 0.020833 0.032407
1 0.477865 0.723611 0.013021 0.013889
0 0.559635 0.699074 0.026562 0.025926
0 0.629948 0.703241 0.023438 0.026852
0 0.662500 0.680093 0.028125 0.021296
0 0.664323 0.709722 0.028646 0.023148
1 0.680990 0.725926 0.010937 0.011111
1 0.738542 0.738889 0.011458 0.011111
1 0.746615 0.748611 0.009896 0.012037
1 0.577865 0.731019 0.013021 0.015741
1 0.938281 0.326389 0.011979 0.017593
1 0.882812 0.323148 0.010417 0.011111
1 0.734635 0.176852 0.006771 0.018519
