0 0.360938 0.104630 0.044792 0.127778
0 0.409375 0.083333 0.045833 0.133333
0 0.487500 0.304630 0.066667 0.116667
0 0.446354 0.470370 0.067708 0.114815
0 0.321354 0.727778 0.038542 0.129630
0 0.609896 0.662963 0.076042 0.081481
0 0.636458 0.212037 0.056250 0.124074
0 0.027604 0.703704 0.053125 0.055556
0 0.265625 0.947222 0.029167 0.105556
0 0.808333 0.647222 0.077083 0.068519
0 0.855208 0.551852 0.066667 0.096296
0 0.969271 0.666667 0.061458 0.074074
0 0.939063 0.962037 0.059375 0.072222
1 0.153125 0.487037 0.041667 0.037037
1 0.196875 0.658333 0.033333 0.031481
1 0.206771 0.746296 0.032292 0.037037
1 0.400000 0.885185 0.018750 0.051852
1 0.699479 0.783333 0.015625 0.055556
1 0.731250 0.818519 0.016667 0.059259
1 0.749479 0.819444 0.019792 0.057407
1 0.785417 0.387963 0.035417 0.042593
