0 0.082292 0.526852 0.027083 0.029630
0 0.011979 0.550000 0.019792 0.029630
0 0.217708 0.680093 0.028125 0.023148
0 0.431510 0.540741 0.023438 0.022222
0 0.582031 0.789815 0.022396 0.029630
0 0.662240 0.676852 0.029687 0.027778
0 0.789844 0.616204 0.016146 0.047222
0 0.811979 0.839815 0.014583 0.050000
0 0.805729 0.934259 0.017708 0.046296
0 0.830729 0.985648 0.011458 0.026852
0 0.854948 0.930093 0.017188 0.049074
0 0.859635 0.980556 0.020313 0.037037
0 0.875260 0.967130 0.020313 0.047222
0 0.891927 0.932870 0.021354 0.058333
0 0.911979 0.943981 0.030208 0.063889
0 0.894010 0.982407 0.016146 0.035185
0 0.778646 0.476389 0.020833 0.041667
0 0.766927 0.370833 0.016146 0.041667
0 0.760677 0.160185 0.014063 0.046296
0 0.665885 0.094444 0.023438 0.044444
0 0.917448 0.099074 0.024479 0.048148
0 0.958854 0.075000 0.014583 0.044444
0 0.982552 0.218519 0.026562 0.035185
0 0.708854 0.919444 0.028125 0.040741
1 0.685156 0.733333 0.009896 0.009259
1 0.705208 0.738889 0.009375 0.009259
1 0.852344 0.884722 0.007812 0.019444
1 0.859115 0.884722 0.005729 0.019444
1 0.868229 0.896296 0.010417 0.020370
1 0.938021 0.678241 0.007292 0.021296
1 0.926042 0.620833 0.007292 0.017593
1 0.858333 0.233333 0.008333 0.016667
1 0.735677 0.172685 0.006771 0.019444
