0 0.254167 0.562037 0.025000 0.020370
0 0.215885 0.675926 0.026562 0.020370
0 0.021875 0.710648 0.038542 0.030556
0 0.433854 0.747685 0.027083 0.025000
0 0.314583 0.307870 0.025000 0.025000
0 0.663021 0.677315 0.029167 0.023148
0 0.660677 0.706019 0.029687 0.021296
0 0.801562 0.775926 0.021875 0.057407
0 0.852865 0.937037 0.015104 0.046296
0 0.873698 0.969444 0.018229 0.050000
0 0.890365 0.935648 0.023438 0.052778
0 0.908073 0.939352 0.027604 0.063889
0 0.892708 0.982407 0.016667 0.035185
0 0.859115 0.982407 0.016146 0.033333
0 0.982812 0.218981 0.025000 0.039815
0 0.918490 0.101852 0.018229 0.040741
0 0.960156 0.078241 0.023438 0.034259
1 0.567448 0.316204 0.011979 0.010185
1 0.632812 0.176852 0.013542 0.012963
1 0.938021 0.325000 0.013542 0.014815
1 0.927865 0.687963 0.004687 0.014815
1 0.939323 0.697222 0.005729 0.018519
1 0.850260 0.887037 0.006771 0.018519
1 0.857812 0.886574 0.006250 0.019444
1 0.866406 0.894444 0.006771 0.020370
1 0.645052 0.724537 0.011979 0.010185
1 0.682813 0.734722 0.012500 0.010185
1 0.712760 0.739352 0.011979 0.010185
1 0.567969 0.660185 0.011979 0.011111
1 0.497135 0.709722 0.009896 0.008333
1 0.432552 0.722222 0.009896 0.009259
