0 0.044271 0.516204 0.029167 0.021296
0 0.434635 0.742593 0.025521 0.022222
0 0.663021 0.678704 0.028125 0.022222
0 0.615104 0.813889 0.027083 0.038889
0 0.775521 0.668981 0.016667 0.049074
0 0.799740 0.718981 0.017188 0.049074
0 0.788802 0.589815 0.014063 0.046296
0 0.792448 0.796759 0.016146 0.043519
0 0.813542 0.856944 0.016667 0.047222
0 0.807552 0.931944 0.018229 0.045370
0 0.955469 0.735185 0.071354 0.046296
0 0.910937 0.941204 0.028125 0.063889
0 0.853906 0.935648 0.016146 0.050926
0 0.876823 0.968519 0.016146 0.046296
0 0.890625 0.932407 0.022917 0.055556
0 0.860417 0.982407 0.013542 0.031481
0 0.894792 0.983333 0.015625 0.029630
0 0.910156 0.984722 0.015104 0.028704
0 0.772396 0.404167 0.015625 0.047222
0 0.766667 0.300000 0.013542 0.046296
0 0.757552 0.149537 0.014063 0.047222
0 0.919271 0.100926 0.019792 0.042593
0 0.959115 0.077778 0.019271 0.042593
0 0.985156 0.219444 0.024479 0.038889
1 0.644271 0.730556 0.012500 0.011111
1 0.703646 0.740278 0.013542 0.010185
1 0.853125 0.885185 0.006250 0.018519
1 0.859896 0.886111 0.008333 0.018519
1 0.867969 0.898148 0.008854 0.016667
1 0.939063 0.677778 0.005208 0.016667
1 0.720573 0.941204 0.006771 0.021296
1 0.736458 0.975463 0.009375 0.015741
