0 0.122396 0.705093 0.030208 0.032407
0 0.457813 0.293519 0.025000 0.022222
0 0.663802 0.677778 0.029687 0.027778
0 0.660937 0.706481 0.026042 0.018519
0 0.795573 0.789815 0.016146 0.040741
0 0.826042 0.971296 0.017708 0.050000
0 0.852865 0.936111 0.016146 0.044444
0 0.858594 0.984259 0.015104 0.031481
0 0.873958 0.969444 0.016667 0.048148
0 0.890625 0.935185 0.021875 0.055556
0 0.910156 0.942130 0.027604 0.063889
0 0.894271 0.983333 0.014583 0.033333
0 0.775521 0.483796 0.020833 0.058333
0 0.949740 0.737037 0.024479 0.029630
0 0.983854 0.219907 0.025000 0.030556
0 0.919010 0.101389 0.020313 0.039815
0 0.959115 0.078704 0.019271 0.035185
1 0.929167 0.689815 0.008333 0.016667
1 0.940104 0.696296 0.006250 0.016667
1 0.851823 0.886111 0.006771 0.018519
1 0.858073 0.885648 0.007812 0.013889
1 0.866667 0.898611 0.008333 0.019444
1 0.684635 0.734259 0.009896 0.011111
1 0.714323 0.740278 0.008854 0.012037
1 0.500260 0.714815 0.010937 0.012963
1 0.386458 0.659722 0.011458 0.008333
1 0.980208 0.330556 0.011458 0.012963
1 0.725260 0.222685 0.011979 0.010185
