0 0.026302 0.321759 0.027604 0.019444
0 0.175521 0.300926 0.032292 0.027778
0 0.152344 0.338889 0.027604 0.022222
0 0.230729 0.324074 0.040625 0.031481
0 0.323958 0.338889 0.027083 0.020370
0 0.461719 0.331944 0.029687 0.026852
0 0.590104 0.340278 0.025000 0.025000
0 0.688542 0.353241 0.035417 0.023148
0 0.646875 0.349537 0.027083 0.019444
0 0.741667 0.362500 0.029167 0.036111
0 0.770573 0.428704 0.029687 0.051852
0 0.832812 0.365278 0.012500 0.045370
0 0.849740 0.349074 0.014063 0.048148
0 0.841406 0.490278 0.019271 0.047222
0 0.866667 0.539815 0.017708 0.048148
0 0.808333 0.543981 0.023958 0.045370
0 0.854688 0.608796 0.019792 0.043519
0 0.876042 0.675000 0.021875 0.046296
0 0.862760 0.726852 0.018229 0.042593
0 0.871615 0.825926 0.015104 0.040741
0 0.855729 0.930556 0.033333 0.103704
0 0.886198 0.910648 0.018229 0.045370
0 0.905469 0.948611 0.015104 0.047222
0 0.955729 0.401389 0.029167 0.025000
0 0.983073 0.223148 0.024479 0.038889
0 0.919271 0.103241 0.019792 0.041667
0 0.959896 0.080093 0.017708 0.043519
0 0.833594 0.047222 0.014063 0.046296
0 0.824479 0.164815 0.014583 0.050000
0 0.844792 0.210185 0.012500 0.044444
0 0.759115 0.146759 0.013021 0.047222
0 0.775260 0.151389 0.015104 0.052778
0 0.796875 0.172222 0.011458 0.031481
0 0.661458 0.679167 0.031250 0.028704
0 0.661979 0.709259 0.029167 0.022222
0 0.631250 0.703241 0.023958 0.025000
0 0.592187 0.704630 0.026042 0.022222
0 0.543490 0.772685 0.027604 0.030556
0 0.282813 0.660185 0.028125 0.025926
1 0.075521 0.293519 0.012500 0.012963
1 0.365885 0.647222 0.010937 0.009259
1 0.541146 0.730093 0.014583 0.015741
1 0.663281 0.741204 0.009896 0.012037
1 0.679948 0.724537 0.009896 0.010185
1 0.683854 0.734722 0.009375 0.012037
1 0.737500 0.679167 0.012500 0.012037
1 0.748958 0.736574 0.011458 0.012037
1 0.747135 0.748611 0.008854 0.010185
1 0.938802 0.325926 0.014063 0.012963
1 0.734115 0.177315 0.005729 0.021296
1 0.641927 0.152778 0.011979 0.014815
1 0.445312 0.233333 0.013542 0.011111
