0 0.259896 0.565741 0.038542 0.031481
0 0.445573 0.545370 0.026562 0.024074
0 0.477865 0.691667 0.024479 0.022222
0 0.663281 0.679630 0.029687 0.024074
0 0.801302 0.726389 0.015104 0.049074
0 0.810677 0.858333 0.016146 0.044444
0 0.853646 0.934722 0.016667 0.047222
0 0.875260 0.968519 0.020313 0.048148
0 0.891406 0.936574 0.019271 0.060185
0 0.910677 0.940278 0.027604 0.065741
0 0.895833 0.982870 0.015625 0.034259
0 0.861979 0.982407 0.014583 0.033333
0 0.777344 0.514352 0.014063 0.045370
0 0.790365 0.482407 0.016146 0.048148
0 0.794010 0.327778 0.016146 0.050000
0 0.919010 0.101852 0.021354 0.042593
0 0.958594 0.078241 0.020313 0.039815
0 0.983333 0.220370 0.023958 0.040741
0 0.600781 0.207407 0.025521 0.033333
0 0.754167 0.020833 0.018750 0.036111
1 0.684375 0.732407 0.012500 0.011111
1 0.714323 0.739352 0.009896 0.010185
1 0.852344 0.887037 0.007812 0.020370
1 0.858854 0.885648 0.007292 0.017593
1 0.868229 0.898148 0.009375 0.022222
1 0.929688 0.688426 0.005208 0.015741
1 0.938542 0.677778 0.006250 0.018519
1 0.167708 0.689815 0.008333 0.012963
1 0.013802 0.671296 0.013021 0.011111
1 0.004948 0.693056 0.008854 0.008333
