0 0.333333 0.267593 0.033333 0.127778
0 0.420833 0.066667 0.031250 0.129630
0 0.433854 0.241667 0.048958 0.124074
0 0.432292 0.392593 0.058333 0.103704
0 0.565625 0.323148 0.066667 0.079630
0 0.558333 0.587963 0.068750 0.090741
0 0.721354 0.662963 0.067708 0.062963
0 0.873437 0.575000 0.061458 0.079630
0 0.882292 0.662037 0.072917 0.068519
0 0.931771 0.899074 0.067708 0.105556
0 0.058854 0.684259 0.076042 0.057407
1 0.763021 0.394444 0.030208 0.033333
1 0.683333 0.758333 0.018750 0.046296
1 0.714063 0.788889 0.015625 0.055556
1 0.730729 0.793519 0.015625 0.053704
1 0.405208 0.808333 0.020833 0.042593
1 0.232813 0.515741 0.030208 0.031481
1 0.228125 0.643519 0.027083 0.027778
1 0.234896 0.728704 0.028125 0.035185
1 0.283854 0.213889 0.013542 0.038889
1 0.265625 0.327778 0.012500 0.040741
1 0.091667 0.466667 0.031250 0.025926
1 0.146875 0.141667 0.020833 0.027778
1 0.164062 0.184259 0.021875 0.035185
1 0.985938 0.399074 0.028125 0.024074
