0 0.383333 0.686574 0.026042 0.025000
0 0.662240 0.679167 0.029687 0.021296
0 0.630208 0.702778 0.025000 0.022222
0 0.662760 0.707407 0.028646 0.022222
0 0.827344 0.716204 0.017188 0.045370
0 0.880990 0.706019 0.014063 0.049074
0 0.842969 0.837963 0.018229 0.057407
0 0.873437 0.834722 0.015625 0.047222
0 0.898438 0.910185 0.019792 0.051852
0 0.890625 0.961574 0.018750 0.037963
0 0.863021 0.976852 0.027083 0.046296
0 0.855729 0.648611 0.015625 0.047222
0 0.830469 0.620833 0.023438 0.049074
0 0.868490 0.577778 0.016146 0.042593
0 0.794271 0.542130 0.013542 0.047222
0 0.847135 0.501389 0.019271 0.041667
0 0.840625 0.418981 0.014583 0.045370
0 0.749740 0.408333 0.020313 0.038889
0 0.954688 0.402315 0.032292 0.030556
0 0.849219 0.334722 0.016146 0.041667
0 0.830990 0.319444 0.016146 0.048148
0 0.727344 0.338426 0.038021 0.045370
0 0.691667 0.352315 0.029167 0.023148
0 0.672396 0.319907 0.028125 0.028704
0 0.592969 0.349074 0.029687 0.022222
0 0.758073 0.148611 0.014063 0.045370
0 0.775781 0.150463 0.019271 0.047222
0 0.794531 0.176389 0.010937 0.028704
0 0.919531 0.102778 0.020313 0.044444
0 0.958073 0.081944 0.020313 0.037963
0 0.983594 0.222685 0.024479 0.041667
1 0.204427 0.301852 0.015104 0.012963
1 0.308854 0.307407 0.014583 0.012963
1 0.516406 0.317593 0.014063 0.012963
1 0.937240 0.325000 0.014063 0.012963
1 0.746875 0.748148 0.011458 0.012963
1 0.680469 0.725926 0.013021 0.011111
1 0.680729 0.740741 0.010417 0.012963
1 0.353906 0.716204 0.013021 0.012037
1 0.342448 0.700000 0.011979 0.011111
1 0.035937 0.628704 0.010417 0.012963
0 0.829948 0.204167 0.020313 0.060185
1 0.481250 0.231481 0.010417 0.014815
1 0.166146 0.217130 0.014583 0.012037
