0 0.396615 0.571759 0.035937 0.032407
0 0.572396 0.699074 0.030208 0.020370
0 0.663021 0.676852 0.029167 0.027778
0 0.779687 0.593519 0.016667 0.044444
0 0.802083 0.630093 0.013542 0.043519
0 0.824479 0.517130 0.017708 0.049074
0 0.814583 0.862500 0.014583 0.045370
0 0.826042 0.983333 0.014583 0.031481
0 0.741667 0.965278 0.022917 0.037963
0 0.890625 0.935185 0.019792 0.053704
0 0.908594 0.939815 0.024479 0.064815
0 0.853385 0.936111 0.018229 0.046296
0 0.859635 0.982870 0.011979 0.032407
0 0.874740 0.970370 0.018229 0.046296
0 0.894792 0.982407 0.013542 0.033333
0 0.918490 0.103241 0.021354 0.043519
0 0.958073 0.078241 0.020313 0.036111
0 0.984115 0.219444 0.023438 0.031481
0 0.759375 0.171296 0.019792 0.059259
0 0.557552 0.250463 0.024479 0.028704
1 0.937500 0.681019 0.007292 0.019444
1 0.929167 0.688889 0.006250 0.014815
1 0.852344 0.885185 0.007812 0.020370
1 0.858854 0.886574 0.005208 0.015741
1 0.867188 0.896759 0.007292 0.019444
1 0.684896 0.734722 0.009375 0.010185
1 0.714583 0.740278 0.011458 0.012037
1 0.291146 0.704630 0.012500 0.014815
1 0.134635 0.650926 0.015104 0.011111
1 0.106250 0.685648 0.015625 0.012037
1 0.085677 0.708796 0.014063 0.010185
1 0.760677 0.570370 0.007812 0.022222
1 0.908594 0.890741 0.007812 0.020370
