0 0.229948 0.447222 0.030729 0.024074
0 0.009375 0.522222 0.017708 0.022222
0 0.094792 0.671759 0.028125 0.025000
0 0.629427 0.702778 0.022396 0.016667
0 0.663021 0.678704 0.028125 0.024074
0 0.663281 0.707870 0.027604 0.021296
0 0.597396 0.806481 0.026042 0.037037
0 0.754948 0.987037 0.022396 0.025926
0 0.900781 0.900926 0.015104 0.044444
0 0.848437 0.888426 0.019792 0.045370
0 0.891927 0.979167 0.016146 0.041667
0 0.874479 0.817130 0.016667 0.041667
0 0.856510 0.766667 0.016146 0.042593
0 0.822656 0.718519 0.018229 0.044444
0 0.880729 0.705556 0.016667 0.042593
0 0.859635 0.684259 0.015104 0.044444
0 0.831771 0.653704 0.023958 0.064815
0 0.855208 0.578704 0.022917 0.062963
0 0.817448 0.544907 0.018229 0.047222
0 0.793750 0.558333 0.017708 0.042593
0 0.849479 0.394444 0.030208 0.062963
0 0.769531 0.443981 0.023438 0.052778
0 0.757292 0.146759 0.013542 0.043519
0 0.776302 0.150000 0.016146 0.044444
0 0.790104 0.022222 0.011458 0.031481
0 0.918490 0.100463 0.022396 0.039815
0 0.957552 0.079167 0.019271 0.037963
0 0.983073 0.221759 0.023438 0.039815
1 0.747135 0.746759 0.009896 0.010185
1 0.680990 0.722685 0.011979 0.010185
1 0.684375 0.734259 0.011458 0.009259
1 0.665104 0.728241 0.011458 0.012037
1 0.797917 0.782870 0.010417 0.013889
1 0.727344 0.377778 0.008854 0.012963
1 0.622917 0.319907 0.012500 0.012037
1 0.566927 0.310648 0.015104 0.012037
1 0.920833 0.150463 0.009375 0.013889
1 0.007031 0.293056 0.011979 0.012037
1 0.356510 0.659259 0.010937 0.011111
1 0.241146 0.710185 0.014583 0.012963
1 0.057292 0.693981 0.012500 0.012037
0 0.973177 0.905556 0.021354 0.040741
1 0.938021 0.323611 0.012500 0.012037
1 0.913802 0.326389 0.010937 0.012037
1 0.846354 0.254167 0.009375 0.021296
