0 0.234635 0.529630 0.030729 0.024074
0 0.513542 0.757407 0.023958 0.029630
0 0.663021 0.674074 0.029167 0.027778
0 0.798438 0.712037 0.015625 0.042593
0 0.788281 0.798611 0.018229 0.045370
0 0.813021 0.853704 0.019792 0.051852
0 0.809635 0.943519 0.017188 0.048148
0 0.909375 0.941204 0.023958 0.063889
0 0.892708 0.932870 0.023958 0.054630
0 0.875260 0.968981 0.020313 0.047222
0 0.855469 0.934259 0.019271 0.046296
0 0.860417 0.981019 0.018750 0.036111
0 0.895833 0.982407 0.014583 0.035185
0 0.780729 0.506481 0.012500 0.048148
0 0.772135 0.388426 0.016146 0.043519
0 0.761458 0.265741 0.014583 0.044444
0 0.919271 0.100463 0.019792 0.045370
0 0.689844 0.034259 0.011979 0.040741
0 0.984635 0.218519 0.021354 0.037037
0 0.958333 0.078704 0.020833 0.042593
0 0.075781 0.668981 0.030729 0.026852
1 0.706250 0.740278 0.010417 0.010185
1 0.674479 0.732407 0.010417 0.014815
1 0.853385 0.884259 0.008854 0.024074
1 0.859635 0.885185 0.007812 0.014815
1 0.868750 0.897222 0.009375 0.018519
1 0.938802 0.679167 0.006771 0.021296
1 0.922656 0.551852 0.008854 0.020370
1 0.858854 0.231944 0.012500 0.010185
1 0.733333 0.037500 0.009375 0.021296
