0 0.346354 0.300926 0.034375 0.112963
0 0.394792 0.230556 0.039583 0.120370
0 0.346875 0.050000 0.035417 0.096296
0 0.431771 0.196296 0.038542 0.129630
0 0.467708 0.336111 0.052083 0.105556
0 0.549479 0.508333 0.063542 0.075926
0 0.350521 0.617593 0.034375 0.116667
0 0.094792 0.670370 0.072917 0.055556
0 0.655729 0.606481 0.059375 0.072222
0 0.785937 0.655556 0.063542 0.062963
0 0.861979 0.584259 0.063542 0.068519
0 0.938021 0.656481 0.069792 0.057407
0 0.906250 0.849074 0.062500 0.090741
0 0.980729 0.772222 0.038542 0.100000
0 0.623437 0.204630 0.040625 0.112963
1 0.874479 0.407407 0.023958 0.025926
1 0.906250 0.514815 0.025000 0.025926
1 0.740625 0.403704 0.025000 0.022222
1 0.669271 0.740741 0.019792 0.051852
1 0.694271 0.766667 0.013542 0.055556
1 0.710938 0.769444 0.015625 0.050000
1 0.730729 0.762963 0.015625 0.051852
1 0.414062 0.780556 0.017708 0.042593
1 0.247396 0.631481 0.026042 0.025926
1 0.256771 0.704630 0.021875 0.027778
1 0.304167 0.516667 0.012500 0.040741
1 0.257292 0.516667 0.029167 0.040741
1 0.256250 0.098148 0.018750 0.040741
