0 0.162500 0.706481 0.025000 0.022222
0 0.414844 0.725000 0.024479 0.024074
0 0.494271 0.756481 0.037500 0.037037
0 0.596875 0.700000 0.021875 0.020370
0 0.661719 0.678241 0.032813 0.026852
0 0.662240 0.707870 0.031771 0.023148
0 0.848437 0.885185 0.017708 0.050000
0 0.886719 0.902315 0.019271 0.058333
0 0.903125 0.890278 0.026042 0.060185
0 0.872396 0.950926 0.017708 0.044444
0 0.859115 0.977315 0.016146 0.043519
0 0.894792 0.981019 0.015625 0.037963
0 0.985156 0.218519 0.023438 0.038889
0 0.920052 0.100926 0.021354 0.042593
0 0.958073 0.078241 0.019271 0.037963
0 0.777344 0.148148 0.016146 0.046296
0 0.758594 0.148148 0.017188 0.048148
1 0.836458 0.690741 0.008333 0.022222
1 0.824219 0.708333 0.009896 0.018519
1 0.852865 0.787037 0.010937 0.027778
1 0.930729 0.713426 0.011458 0.013889
1 0.735938 0.744907 0.011458 0.012037
1 0.664844 0.729167 0.013021 0.012037
1 0.682031 0.723148 0.010937 0.009259
1 0.685156 0.735648 0.009896 0.010185
1 0.036458 0.669907 0.013542 0.019444
1 0.112760 0.297685 0.011979 0.012037
1 0.367448 0.300000 0.014063 0.012963
1 0.936979 0.323611 0.016667 0.015741
