0 0.256771 0.076852 0.040625 0.142593
0 0.305729 0.252778 0.042708 0.146296
0 0.369792 0.317593 0.047917 0.138889
0 0.452083 0.259259 0.066667 0.144444
0 0.516146 0.529630 0.080208 0.114815
0 0.314063 0.606481 0.042708 0.138889
0 0.256250 0.635185 0.037500 0.137037
0 0.318750 0.920370 0.043750 0.133333
0 0.695312 0.436111 0.069792 0.098148
0 0.670833 0.608333 0.087500 0.090741
0 0.571354 0.313889 0.076042 0.057407
1 0.714583 0.800926 0.020833 0.064815
1 0.768229 0.842593 0.021875 0.062963
1 0.792188 0.837037 0.019792 0.059259
1 0.807292 0.382407 0.031250 0.031481
1 0.211979 0.347222 0.030208 0.042593
1 0.173958 0.523148 0.031250 0.035185
1 0.176042 0.672222 0.031250 0.033333
1 0.186458 0.763889 0.035417 0.046296
1 0.224479 0.100926 0.019792 0.061111
1 0.744271 0.151852 0.019792 0.048148
1 0.076042 0.617593 0.031250 0.038889
