0 0.286979 0.717130 0.027083 0.019444
0 0.507552 0.750926 0.026562 0.029630
0 0.594010 0.807407 0.036979 0.046296
0 0.620313 0.700000 0.026042 0.020370
0 0.663542 0.677778 0.030208 0.025926
0 0.663802 0.705556 0.031771 0.020370
0 0.838281 0.797222 0.018229 0.050000
0 0.892188 0.803704 0.026042 0.064815
0 0.878906 0.843981 0.022396 0.054630
0 0.866146 0.888889 0.018750 0.051852
0 0.851302 0.909259 0.019271 0.044444
0 0.876302 0.961111 0.025521 0.062963
0 0.891146 0.937963 0.019792 0.046296
0 0.909635 0.983796 0.014063 0.032407
0 0.918490 0.099074 0.019271 0.044444
0 0.958594 0.078704 0.020313 0.038889
0 0.983854 0.218981 0.026042 0.036111
0 0.776823 0.149074 0.016146 0.042593
0 0.758333 0.144907 0.013542 0.043519
1 0.090885 0.688889 0.015104 0.016667
1 0.281771 0.298611 0.014583 0.017593
1 0.802604 0.532407 0.008333 0.016667
1 0.801823 0.577315 0.006771 0.021296
1 0.831771 0.683333 0.008333 0.022222
1 0.885677 0.696759 0.011979 0.023148
1 0.716927 0.709722 0.009896 0.008333
1 0.735938 0.745370 0.010417 0.011111
1 0.666667 0.728704 0.012500 0.011111
1 0.681510 0.725926 0.009896 0.012963
1 0.939063 0.324074 0.011458 0.012963
