0 0.303646 0.258333 0.046875 0.161111
0 0.365104 0.231481 0.044792 0.129630
0 0.422917 0.157407 0.047917 0.155556
0 0.553646 0.313889 0.084375 0.075926
0 0.668750 0.157407 0.052083 0.137037
0 0.801042 0.496296 0.077083 0.103704
0 0.858333 0.666667 0.089583 0.092593
0 0.681771 0.620370 0.086458 0.092593
0 0.459375 0.575000 0.070833 0.124074
0 0.256250 0.497222 0.039583 0.142593
0 0.310417 0.703704 0.037500 0.151852
1 0.197396 0.637963 0.026042 0.050000
1 0.171354 0.671296 0.034375 0.031481
1 0.182812 0.775926 0.036458 0.040741
1 0.717187 0.806481 0.023958 0.061111
1 0.772917 0.846296 0.025000 0.062963
1 0.796875 0.836111 0.018750 0.057407
1 0.755208 0.943519 0.018750 0.057407
1 0.810417 0.376852 0.037500 0.038889
1 0.220312 0.271296 0.019792 0.046296
1 0.222917 0.112037 0.018750 0.061111
1 0.056250 0.483333 0.047917 0.033333
